18 19
00 00 00 00 00 00 00 00 00 00 00 00 00 00 00 00 00 00 00 
00 00 00 00 00 00 00 00 00 10 30 00 00 00 00 00 00 00 00 
00 00 00 00 00 00 00 00 10 00 00 10 20 10 00 00 00 00 00 
00 00 00 00 00 01 10 00 00 00 00 00 00 30 00 00 00 00 00 
00 00 00 00 00 10 20 00 00 20 00 20 00 10 00 00 00 00 00 
10 10 01 10 10 00 00 00 00 10 03 00 00 20 10 00 00 00 00 
20 10 10 04 00 00 00 00 20 00 00 00 00 20 00 00 00 00 00 
00 00 00 10 00 00 00 00 10 00 03 20 00 10 30 20 10 30 00 
00 00 00 10 10 02 10 00 10 10 10 00 20 00 00 00 00 00 02 
00 10 10 10 00 00 00 00 00 10 00 00 00 00 00 10 20 00 00 
00 00 20 10 10 10 20 00 00 00 00 00 10 20 10 10 10 00 00 
00 02 00 00 10 00 10 10 00 00 10 03 10 00 00 00 00 00 00 
00 00 20 00 10 20 20 00 00 00 20 10 00 20 00 30 10 10 10 
00 10 10 20 10 00 10 00 10 01 10 00 20 10 10 00 10 20 20 
00 00 00 00 10 00 10 00 10 20 00 10 00 00 10 04 10 10 20 
00 00 00 20 10 04 10 00 00 00 10 10 00 20 20 10 20 00 00 
00 00 00 00 00 20 20 00 20 00 10 10 00 10 00 00 00 00 00 
00 00 00 00 00 10 10 00 20 10 00 00 10 00 00 00 00 00 00 
marcel 1 67
mma 2 47
Penguinators 3 51
FatalError 4 64
