20 19
00 00 00 00 00 00 10 20 00 00 00 00 00 00 00 00 00 00 00
00 00 00 00 00 10 00 00 04 00 10 00 00 00 00 00 00 00 00
00 00 00 00 30 00 00 00 00 10 00 10 10 00 00 00 00 00 00
00 00 10 10 20 10 00 00 00 00 02 00 20 00 00 00 00 00 00
00 10 00 10 10 00 10 00 00 00 00 00 00 10 00 00 00 00 00
00 00 10 05 10 00 00 00 10 00 00 00 10 00 00 00 00 00 00
00 02 00 00 00 20 00 00 00 20 00 00 00 10 00 00 00 00 00
10 00 00 04 00 00 10 10 00 00 20 00 10 20 00 03 03 00 00
00 00 10 00 00 10 00 10 00 10 00 10 00 10 10 00 00 00 00
20 00 00 00 00 10 05 10 00 10 00 00 10 00 00 00 10 10 00
20 00 10 00 00 10 20 00 10 05 00 00 00 10 00 00 10 20 00
20 00 00 00 10 00 10 20 20 00 00 00 04 00 00 10 00 00 00
20 00 00 00 10 00 10 00 00 00 00 00 00 10 10 10 10 00 00
10 20 20 00 10 00 00 00 00 00 00 00 00 00 10 00 00 00 00
20 00 00 00 10 00 00 01 00 00 00 00 00 03 00 00 00 00 00
00 10 00 00 00 00 00 00 20 10 10 00 00 00 00 00 00 00 00
00 00 00 01 00 00 00 20 00 10 00 00 00 00 00 00 00 00 00
00 00 00 00 00 02 00 00 20 00 20 00 00 01 00 00 00 00 00
00 00 00 20 00 00 00 20 10 00 00 00 10 00 00 00 00 00 00
00 00 00 00 20 20 30 00 10 00 00 10 00 00 00 00 00 00 00
Penguinators 1 55
FatalError 2 102
mma 3 33
KK 4 121
MikolajMichalOlga2 5 3