18 19
00 00 00 00 00 00 00 00 00 00 00 00 00 00 00 00 00 00 00
00 00 00 00 00 00 00 00 00 10 30 00 00 00 00 00 00 00 00
00 00 00 00 00 00 00 00 10 03 20 10 20 10 00 00 00 00 00
00 00 00 00 00 20 10 20 30 00 30 00 00 30 00 00 00 00 00
00 00 00 00 00 10 20 20 20 20 20 20 00 10 00 00 00 00 00
10 10 20 10 10 01 20 20 20 10 20 00 00 20 10 00 00 00 00
20 10 10 20 30 20 10 04 20 20 20 20 03 20 00 00 00 00 00
00 20 20 10 30 10 10 10 10 10 20 20 00 10 30 20 10 30 00
00 01 00 10 10 20 10 10 10 10 10 00 20 10 10 20 10 10 10
00 10 10 10 20 20 30 10 30 10 00 10 30 30 00 10 20 03 20
00 00 20 10 10 10 20 20 10 20 30 20 10 20 10 10 10 00 30
00 02 00 20 10 20 10 10 10 01 10 10 10 02 30 20 30 10 30
00 00 20 04 10 20 20 02 20 00 20 10 20 20 20 30 10 10 10
00 10 10 20 10 00 10 00 10 20 10 20 20 10 10 00 10 20 20
00 00 00 30 10 20 10 00 10 20 30 10 20 20 10 20 10 10 20
00 00 00 20 10 20 10 00 30 20 10 10 04 20 20 10 20 00 00
00 00 00 00 00 20 20 00 20 30 10 10 30 10 20 00 00 00 00
00 00 00 00 00 10 10 00 20 10 20 30 10 00 00 00 00 00 00
marcel 1 21
mma 2 13
Penguinators 3 17
FatalError 4 18
