20 19
00 00 00 00 00 00 01 00 00 00 00 00 00 00 00 00 00 00 00 
00 00 00 00 00 10 00 00 20 00 10 00 00 00 00 00 00 00 00 
00 00 00 00 00 00 00 20 00 10 00 10 10 00 00 00 00 00 00 
00 00 10 10 20 00 20 00 03 00 01 00 20 00 00 00 00 00 00 
00 10 10 10 10 00 10 00 00 00 00 00 10 10 00 00 00 00 00 
00 00 10 10 10 00 00 20 10 00 20 00 10 00 10 00 00 00 00 
00 10 30 20 00 20 00 00 20 20 00 20 00 01 00 00 10 00 00 
10 10 10 00 10 00 00 02 00 00 20 00 10 20 00 00 20 00 00 
00 20 10 20 00 10 00 00 00 10 00 10 00 10 10 20 00 00 00 
20 00 00 20 20 10 10 00 00 10 00 00 10 00 20 00 10 10 00 
20 00 10 00 30 00 20 20 10 00 10 10 00 10 00 10 00 20 00 
00 10 00 10 00 10 00 20 00 10 00 20 10 00 10 00 00 10 00 
03 00 02 00 10 00 10 00 20 00 10 00 00 10 00 10 10 30 00 
00 00 00 30 00 10 00 30 00 02 00 20 00 00 10 00 00 00 00 
20 00 10 00 10 00 20 20 10 00 10 20 00 10 00 00 00 00 00 
00 10 00 30 10 10 30 00 20 10 10 00 20 00 00 00 00 00 00 
00 00 10 20 00 20 00 20 00 00 00 20 00 00 00 00 00 00 00 
00 00 00 30 10 00 20 00 00 00 03 00 00 20 00 00 00 00 00 
00 00 00 20 00 30 00 20 00 20 00 20 10 00 00 00 00 00 00 
00 00 00 00 20 20 30 30 10 00 00 10 00 00 00 00 00 00 00 
zMadagaskaru 1 62
k00zakyyy 2 70
Kuboteusz 3 98
