18 19
00 00 00 00 00 00 00 00 00 00 00 00 00 00 00 00 00 00 00 
00 00 00 00 00 00 00 00 00 10 30 00 00 00 00 00 00 00 00 
00 00 00 00 00 00 00 00 10 03 20 10 20 10 00 00 00 00 00 
00 00 00 00 00 20 10 20 30 00 30 03 30 30 00 00 00 00 00 
00 00 00 00 00 10 20 20 20 20 20 20 20 10 00 00 00 00 00 
10 10 20 10 10 30 20 20 20 10 20 00 10 20 10 00 00 00 00 
20 10 10 20 30 20 10 30 20 20 20 20 30 20 30 00 00 00 00 
00 20 20 10 30 10 10 10 10 10 20 20 00 10 30 20 10 30 00 
00 30 01 10 10 20 10 10 10 10 10 00 20 10 10 20 10 10 10 
00 10 10 10 20 20 30 10 30 10 04 10 30 30 30 10 20 20 20 
00 00 20 10 10 10 20 20 10 20 30 20 10 20 10 10 10 03 30 
00 02 01 20 10 20 10 10 10 30 10 10 10 02 30 20 30 10 30 
00 00 20 30 10 20 20 20 20 04 20 10 20 20 20 30 10 10 10 
00 10 10 20 10 30 10 20 10 20 10 20 20 10 10 01 10 20 20 
00 00 00 30 10 20 10 20 10 20 30 10 20 20 10 20 10 10 20 
00 00 00 20 10 20 10 10 30 20 10 10 04 20 20 10 20 00 00 
00 00 00 00 00 20 20 20 20 30 10 10 30 10 20 00 00 00 00 
00 00 00 00 00 10 10 02 20 10 20 30 10 00 00 00 00 00 00 
marcel 1 9
mma 2 4
Penguinators 3 6
FatalError 4 6
