18 19
00 00 00 00 00 00 00 00 00 00 00 00 00 00 00 00 00 00 00
00 00 00 00 00 00 00 00 00 10 30 00 00 00 00 00 00 00 00
00 00 00 00 00 00 00 00 10 00 00 10 20 10 00 00 00 00 00
00 00 00 00 00 00 01 00 00 00 00 00 00 30 00 00 00 00 00
00 00 00 00 00 00 00 00 00 03 00 20 00 10 00 00 00 00 00
00 00 00 00 04 00 00 00 00 00 00 00 00 20 10 00 00 00 00
00 01 00 00 00 00 00 00 20 00 00 00 00 20 00 00 00 00 00
00 00 00 10 00 00 00 00 10 00 00 03 00 10 30 20 10 30 00
00 00 00 00 00 00 10 00 10 10 10 00 20 00 00 00 00 00 02
00 02 00 00 00 00 00 00 00 10 00 00 00 00 00 10 20 00 00
00 00 00 00 00 10 00 00 00 00 00 00 10 20 10 10 10 00 00
00 02 00 00 10 00 10 10 00 00 03 00 10 00 00 00 00 00 00
00 00 20 00 00 20 00 00 00 00 00 00 00 20 00 00 00 00 10
00 10 00 04 00 00 10 00 01 00 10 00 04 00 00 00 10 00 00
00 00 00 00 10 00 10 00 00 00 00 10 00 00 10 00 10 10 00
00 00 00 20 10 00 10 00 00 00 10 10 00 20 00 10 00 00 00
00 00 00 00 00 00 00 00 20 00 10 10 00 10 00 00 00 00 00
00 00 00 00 00 10 10 00 20 10 00 00 10 00 00 00 00 00 00
marcel 1 81
mma 2 55
Penguinators 3 60
FatalError 4 99
