18 19
00 00 00 00 00 00 00 00 00 00 00 00 00 00 00 00 00 00 00 
00 00 00 00 00 00 00 00 00 10 30 00 00 00 00 00 00 00 00 
00 00 00 00 00 00 00 00 10 00 00 10 20 10 00 00 00 00 00 
00 00 00 00 00 01 10 00 00 00 00 00 00 30 00 00 00 00 00 
00 00 00 00 00 10 20 00 00 20 03 20 00 10 00 00 00 00 00 
10 10 01 10 10 00 00 00 00 10 20 00 00 20 10 00 00 00 00 
20 10 10 20 00 20 10 00 20 03 00 00 00 20 00 00 00 00 00 
00 00 00 10 00 10 10 10 10 10 20 20 00 10 30 20 10 30 00 
00 00 00 10 10 20 10 02 10 10 10 00 20 00 00 00 00 00 02 
00 10 10 10 00 00 00 00 00 10 00 03 00 00 00 10 20 00 00 
00 00 20 10 10 10 20 00 00 00 01 20 10 20 10 10 10 00 00 
00 02 00 20 10 04 10 10 00 00 10 10 10 00 00 00 00 00 00 
00 00 20 00 10 20 20 00 00 00 20 10 04 20 00 30 10 10 10 
00 10 10 20 10 00 10 00 10 20 10 20 20 10 10 00 10 20 20 
00 00 00 00 10 00 10 00 10 20 30 10 20 20 10 20 10 10 20 
00 00 00 20 10 04 10 00 00 00 10 10 00 20 20 10 20 00 00 
00 00 00 00 00 20 20 00 20 00 10 10 00 10 00 00 00 00 00 
00 00 00 00 00 10 10 00 20 10 20 30 10 00 00 00 00 00 00 
marcel 1 55
mma 2 39
Penguinators 3 43
FatalError 4 54
