18 19
00 00 00 00 00 00 00 00 00 00 00 00 00 00 00 00 00 00 00 
00 00 00 00 00 00 00 00 00 10 30 00 00 00 00 00 00 00 00 
00 00 00 00 00 00 00 00 10 00 00 10 20 10 00 00 00 00 00 
00 00 00 00 00 01 10 00 00 00 00 00 00 30 00 00 00 00 00 
00 00 00 00 00 10 20 00 00 20 00 20 00 10 00 00 00 00 00 
10 10 01 10 10 00 00 00 00 10 03 00 00 20 10 00 00 00 00 
20 10 10 20 00 20 10 00 20 00 00 00 00 20 00 00 00 00 00 
00 00 00 10 00 10 02 00 10 03 20 20 00 10 30 20 10 30 00 
00 00 00 10 10 20 10 00 10 10 10 00 20 00 00 00 00 00 02 
00 10 10 10 00 00 00 00 00 10 00 03 00 00 00 10 20 00 00 
00 00 20 10 10 10 20 00 00 00 00 20 10 20 10 10 10 00 00 
00 02 00 20 10 04 10 10 00 00 10 10 10 00 00 00 00 00 00 
00 00 20 00 10 20 20 00 00 00 20 10 00 20 00 30 10 10 10 
00 10 10 20 10 00 10 00 10 20 10 20 20 10 10 00 10 20 20 
00 00 00 00 10 00 10 00 10 20 01 10 00 04 10 20 10 10 20 
00 00 00 20 10 04 10 00 00 00 10 10 00 20 20 10 20 00 00 
00 00 00 00 00 20 20 00 20 00 10 10 00 10 00 00 00 00 00 
00 00 00 00 00 10 10 00 20 10 20 30 10 00 00 00 00 00 00 
marcel 1 58
mma 2 41
Penguinators 3 46
FatalError 4 58
