14 18
00 00 00 00 00 00 00 00 00 00 00 00 00 00 00 00 00 00
00 00 00 00 00 20 00 00 00 00 00 00 00 00 00 00 00 00
00 00 00 00 00 00 00 00 00 10 00 00 00 00 00 00 00 00
00 00 20 10 00 00 00 10 00 00 00 03 00 00 00 00 00 00
00 00 00 00 00 00 00 00 00 00 00 00 10 00 00 00 00 00
00 00 00 00 00 00 00 03 00 10 00 00 00 00 00 00 00 00
01 00 10 00 00 04 00 00 00 00 00 02 00 00 10 00 00 00
00 00 00 00 00 00 00 10 00 00 00 00 00 00 00 00 00 00
02 00 01 00 00 00 00 00 00 00 00 04 00 00 00 00 00 00
00 03 00 00 00 00 10 00 00 00 00 00 00 00 00 00 00 00
00 00 00 10 00 00 00 00 00 00 00 00 00 00 00 00 00 00
00 00 10 10 00 00 10 00 00 00 00 01 00 00 00 00 00 00
00 00 00 00 00 10 00 00 10 00 00 00 00 00 00 00 00 00
00 00 10 00 00 00 10 00 10 00 00 04 00 02 00 00 00 00
mma 1 44
Penguinators 2 51
FatalError 3 54
marcel 4 127
