18 19
00 00 00 00 00 00 00 00 00 00 00 00 00 00 00 00 00 00 00 
00 00 00 00 00 00 00 00 00 10 30 00 00 00 00 00 00 00 00 
00 00 00 00 00 00 00 00 10 00 00 10 20 10 00 00 00 00 00 
00 00 00 00 00 20 10 20 00 00 03 00 00 30 00 00 00 00 00 
00 00 00 00 00 10 20 20 01 20 20 20 00 10 00 00 00 00 00 
10 10 20 10 10 00 00 20 20 10 20 00 00 20 10 00 00 00 00 
20 10 10 20 00 20 10 00 20 20 03 00 00 20 00 00 00 00 00 
00 20 20 10 00 10 10 10 10 10 20 20 00 10 30 20 10 30 00 
00 01 00 10 10 20 10 10 10 10 10 00 20 10 10 20 10 10 10 
00 10 10 10 04 20 00 10 00 10 00 10 30 30 00 10 20 03 20 
00 00 20 10 10 10 20 20 10 20 30 20 10 20 10 10 10 00 30 
00 02 00 20 10 20 10 10 02 01 10 10 10 00 00 02 30 10 30 
00 00 20 00 10 20 20 00 00 00 20 10 20 20 20 30 10 10 10 
00 10 10 20 10 00 10 00 10 20 10 20 20 10 10 00 10 20 20 
00 00 00 04 10 20 10 00 10 20 30 10 20 20 10 20 10 10 20 
00 00 00 20 10 20 10 00 04 20 10 10 00 20 20 10 20 00 00 
00 00 00 00 00 20 20 00 20 30 10 10 30 10 20 00 00 00 00 
00 00 00 00 00 10 10 00 20 10 20 30 10 00 00 00 00 00 00 
marcel 1 34
mma 2 21
Penguinators 3 26
FatalError 4 32
